=====================
Quantidade de mensagens: 82
ICAO: e48175
Identificação: GLO1761_
Posição(c/ Baro Altitude): [(-15.63718, -48.29099), (-15.64586, -48.28496), (-15.66013, -48.27496), (-15.69685, -48.24925), (-15.71269, -48.23812), (-15.71892, -48.23369), (-15.72432, -48.22984), (-15.73461, -48.22262), (-15.81592, -48.14768), (-15.83856, -48.11433), (-15.84489, -48.10511), (-15.84956, -48.09839), (-15.85844, -48.08554), (-15.88004, -48.05322)]
Posição(c/ Gnss Height): []
Posição(surface): []
Altitude: [9050, 8850, 8775, 8700, 8675, 8650, 8600, 8575, 8500, 8500, 8100, 7925, 7900, 7575, 7550, 7550, 7525, 7425, 7400, 7300, 7100, 7075, 6925, 6625, 6400, 6400, 6200, 6175, 6075, 6000, 5975, 5950, 5900, 5875, 5850, 5850, 5800, 5800, 5725, 5675, 5625, 5250, 5250]
Velocidades: [(296, 146.15, -640, 'GS'), (295, 146.31, -640, 'GS'), (294, 146.2, -640, 'GS'), (292, 146.15, -704, 'GS'), (290, 146.09, -1088, 'GS'), (290, 146.09, -1152, 'GS'), (288, 146.03, -1088, 'GS'), (287, 145.92, -1088, 'GS'), (285, 145.7, -768, 'GS'), (284, 145.75, -704, 'GS'), (280, 145.91, -832, 'GS'), (279, 145.8, -768, 'GS'), (277, 145.85, -704, 'GS'), (274, 145.85, -768, 'GS'), (272, 145.78, -1408, 'GS'), (272, 145.78, -1408, 'GS'), (272, 145.78, -1408, 'GS'), (272, 145.78, -1408, 'GS'), (271, 145.67, -1344, 'GS'), (271, 145.67, -1344, 'GS'), (271, 145.37, -1728, 'GS'), (271, 145.49, -1728, 'GS'), (271, 145.49, -1664, 'GS'), (271, 145.49, -1472, 'GS'), (272, 145.61, -1600, 'GS'), (272, 145.9, -1344, 'GS'), (241, 129.96, -640, 'GS'), (236, 124.5, -384, 'GS'), (228, 124.66, -640, 'GS'), (228, 124.66, -640, 'GS'), (226, 124.95, -512, 'GS'), (218, 125.51, -192, 'GS'), (207, 125.38, -128, 'GS'), (190, 125.61, -704, 'GS'), (189, 125.54, -704, 'GS')]
Versão ADSB: None
=====================
